10001011000000100000000000100011
10001011000001110000000000101111
11001011000000100000000000100011
10001010000000100000000000100011
10101010000000100000000000100011
11101010000000100000000000100011
11010011010000000001000000100000
11010011011000000001000000100000
11010010100000000001111111100001
11010010111000000001111111100001
11110010100111111110000000000010
11110010111111111110000000000010
10110100000000000000000001110011
10110100111000000000000001110011
10110101000000000000000001110011
10110101111000000000000001110011
10001011000000100000000000100011
10001011000001110000000000101111
11001011000000100000000000100011
10001010000000100000000000100011
10101010000000100000000000100011
11101010000000100000000000100011
11010011010000000001000000100000
11010011011000000001000000100000
11111110110111101111111111100111
11111111111111111111111111111110
